[gd_scene load_steps=3 format=2]

[ext_resource path="res://Ejecutable/Juego/Escenarios/Niveles/Nivel1/terreno_sala1.dae" type="PackedScene" id=1]
[ext_resource path="res://Ejecutable/Juego/Escenarios/Piezas/Pieza1/Pieza1alfa.png" type="Texture" id=2]

[node name="Nodo_Nivel_1" type="Spatial" index="0"]

[node name="PosicionSalida" type="Position3D" parent="." index="0"]

transform = Transform( 1, 0, 0, 0, 1, 0, 0, 0, 1, 0, 47.6274, 0 )

[node name="Scene Root" parent="." index="1" instance=ExtResource( 1 )]

[node name="PieyPot" type="Spatial" parent="." index="2"]

[node name="Sprite3D2" type="Sprite3D" parent="PieyPot" index="0"]

transform = Transform( 0.418518, 0, 0.908209, 0, 1, 0, -0.908209, 0, 0.418518, -1.31323, -0.104004, -0.323317 )
layers = 1
material_override = null
cast_shadow = 2
extra_cull_margin = 0.0
use_in_baked_light = true
lod_min_distance = 0.0
lod_min_hysteresis = 0.0
lod_max_distance = 0.0
lod_max_hysteresis = 0.0
centered = true
offset = Vector2( 0, 0 )
flip_h = false
flip_v = false
modulate = Color( 1, 1, 1, 1 )
opacity = 1.0
pixel_size = 0.01
axis = 2
transparent = true
shaded = false
double_sided = true
alpha_cut = 0
texture = ExtResource( 2 )
vframes = 1
hframes = 1
frame = 0
region_enabled = false
region_rect = Rect2( 0, 0, 0, 0 )
_sections_unfolded = [ "Flags", "Geometry" ]

[node name="DirectionalLight" type="DirectionalLight" parent="." index="3"]

transform = Transform( -0.140964, -0.393605, 0.908408, 0, 0.91757, 0.397574, -0.990015, 0.0560437, -0.129344, 7.16733, 2.4801, -0.211304 )
layers = 1
light_color = Color( 1, 1, 1, 1 )
light_energy = 0.3
light_indirect_energy = 1.0
light_negative = false
light_specular = 0.5
light_bake_mode = 1
light_cull_mask = -1
shadow_enabled = true
shadow_color = Color( 0, 0, 0, 1 )
shadow_bias = 0.1
shadow_contact = 0.0
shadow_reverse_cull_face = false
editor_only = false
directional_shadow_mode = 2
directional_shadow_split_1 = 0.1
directional_shadow_split_2 = 0.2
directional_shadow_split_3 = 0.5
directional_shadow_blend_splits = false
directional_shadow_normal_bias = 0.8
directional_shadow_bias_split_scale = 0.25
directional_shadow_depth_range = 0
directional_shadow_max_distance = 200.0
_sections_unfolded = [ "Light", "Shadow" ]

[node name="DirectionalLight2" type="DirectionalLight" parent="." index="4"]

transform = Transform( 0.30595, 0.37851, -0.87357, 0, 0.91757, 0.397574, 0.952048, -0.121638, 0.280731, -4.38826, 2.4801, -0.211304 )
layers = 1
light_color = Color( 0.769531, 0.274178, 0.0571136, 1 )
light_energy = 0.1
light_indirect_energy = 1.0
light_negative = false
light_specular = 0.5
light_bake_mode = 1
light_cull_mask = -1
shadow_enabled = true
shadow_color = Color( 0, 0, 0, 1 )
shadow_bias = 0.1
shadow_contact = 0.0
shadow_reverse_cull_face = false
editor_only = false
directional_shadow_mode = 2
directional_shadow_split_1 = 0.1
directional_shadow_split_2 = 0.2
directional_shadow_split_3 = 0.5
directional_shadow_blend_splits = false
directional_shadow_normal_bias = 0.8
directional_shadow_bias_split_scale = 0.25
directional_shadow_depth_range = 0
directional_shadow_max_distance = 200.0
_sections_unfolded = [ "Light", "Shadow" ]


